HW / Assignement #2 -- Test Examples

> plainMatrix1 <- matrix(c(3,2,0,0,0,1,2,-2,1), nrow=3, ncol=3)
> 
> specialMatrix <- makeCacheMatrix(plainMatrix1)
> 
> specialMatrix$get()
     [,1] [,2] [,3]
[1,]    3    0    2
[2,]    2    0   -2
[3,]    0    1    1
> 
> cacheSolve(specialMatrix)
     [,1] [,2] [,3]
[1,]  0.2  0.2    0
[2,] -0.2  0.3    1
[3,]  0.2 -0.3    0
> 
> cacheSolve(specialMatrix)
getting cached data
     [,1] [,2] [,3]
[1,]  0.2  0.2    0
[2,] -0.2  0.3    1
[3,]  0.2 -0.3    0
> 
> plainMatrix2 <- matrix(rnorm(25), c(5,5))
> 
> specialMatrix$set(plainMatrix2)
> 
> specialMatrix$get()
            [,1]       [,2]       [,3]       [,4]       [,5]
[1,] -0.33467371 -0.9602781  1.0733425  0.5024534  0.6318021
[2,] -0.08986422 -1.6466383  0.2519120  0.5927052  0.2305457
[3,] -0.25574197 -1.1843332  1.7787114 -1.5113591 -0.1744650
[4,] -0.92822767  0.4251763  0.5142432  1.6426863  1.6026114
[5,] -0.53086779 -1.6104824 -0.6584123  0.9287136 -0.1844620
> 
> cacheSolve(specialMatrix)
           [,1]      [,2]       [,3]       [,4]       [,5]
[1,]  0.3410206  1.216526 -0.6419839 -0.5069715 -1.1089119
[2,]  0.9445365 -1.135031 -0.2945625 -0.2257997  0.1333903
[3,]  2.8688697 -1.825987 -0.5361436 -0.8903655  0.3155814
[4,]  3.0520074 -1.870466 -1.0651745 -0.9790064  0.6175022
[5,] -4.1019534  3.508893  0.9701601  1.6794368 -1.4118738
> 
> cacheSolve(specialMatrix)
getting cached data
           [,1]      [,2]       [,3]       [,4]       [,5]
[1,]  0.3410206  1.216526 -0.6419839 -0.5069715 -1.1089119
[2,]  0.9445365 -1.135031 -0.2945625 -0.2257997  0.1333903
[3,]  2.8688697 -1.825987 -0.5361436 -0.8903655  0.3155814
[4,]  3.0520074 -1.870466 -1.0651745 -0.9790064  0.6175022
[5,] -4.1019534  3.508893  0.9701601  1.6794368 -1.4118738
> specialMatrix$set(matrix(c(1,0,0,0,  0,1,0,0,  0,0,1,0  ,0,0,0,1), nrow=4, ncol=4))
> 
> specialMatrix$get()
     [,1] [,2] [,3] [,4]
[1,]    1    0    0    0
[2,]    0    1    0    0
[3,]    0    0    1    0
[4,]    0    0    0    1
> 
> cacheSolve(specialMatrix)
     [,1] [,2] [,3] [,4]
[1,]    1    0    0    0
[2,]    0    1    0    0
[3,]    0    0    1    0
[4,]    0    0    0    1
> 
> cacheSolve(specialMatrix)
getting cached data
     [,1] [,2] [,3] [,4]
[1,]    1    0    0    0
[2,]    0    1    0    0
[3,]    0    0    1    0
[4,]    0    0    0    1
> 